time,retransmissions
0.7397768497467041,1
0.7402360439300537,2
0.7407431602478027,3
0.8531019687652588,4
0.8533639907836914,5
1.2521147727966309,6
1.2524359226226807,7
1.2528018951416016,8
1.3601231575012207,9
1.3613719940185547,10
1.3616230487823486,11
1.7628729343414307,12
1.763164758682251,13
1.861901044845581,14
1.8631079196929932,15
1.863429069519043,16
2.3698318004608154,17
2.3700900077819824,18
2.370284080505371,19
2.370452880859375,20
2.385694980621338,21
2.3858890533447266,22
2.873924970626831,23
2.874284029006958,24
2.887334108352661,25
2.8879311084747314,26
3.379628896713257,27
3.380047082901001,28
3.3940861225128174,29
3.3945178985595703,30
3.9994189739227295,31
3.9997639656066895,32
4.000208139419556,33
4.000540018081665,34
4.112390995025635,35
4.511612892150879,36
4.51186990737915,37
5.031918048858643,38
5.032245874404907,39
5.032616853713989,40
5.032955169677734,41
5.536139965057373,42
5.536574840545654,43
5.5369038581848145,44
6.0426318645477295,45
6.043020009994507,46
6.043510913848877,47
6.545815944671631,48
6.5459699630737305,49
6.546135902404785,50
6.546298980712891,51
6.546475887298584,52
7.070765018463135,53
7.07110595703125,54
7.071508884429932,55
7.07183313369751,56
7.072199106216431,57
7.072488784790039,58
7.582637071609497,59
7.58302903175354,60
7.583392858505249,61
7.583741903305054,62
7.584102153778076,63
7.584384918212891,64
7.689884185791016,65
8.089983940124512,66
8.090296030044556,67
8.09062385559082,68
8.09092402458191,69
8.091129064559937,70
8.191635847091675,71
8.602006912231445,72
8.60237193107605,73
8.6027250289917,74
8.603039979934692,75
8.603318929672241,76
8.693394184112549,77
9.111601114273071,78
9.112000942230225,79
9.112327098846436,80
9.112612962722778,81
9.112936973571777,82
9.195266008377075,83
9.616965055465698,84
9.617377042770386,85
9.618128061294556,86
9.618492126464844,87
9.618892908096313,88
9.697084903717041,89
10.120241165161133,90
10.12055492401123,91
10.120867013931274,92
10.121176958084106,93
10.121675968170166,94
10.198683977127075,95
10.62403917312622,96
10.624696969985962,97
10.625138998031616,98
10.625509023666382,99
10.625898838043213,100
10.70051908493042,101
10.700670003890991,102
11.124675989151001,103
11.135612964630127,104
11.135921001434326,105
11.136123180389404,106
11.137943029403687,107
11.201894998550415,108
11.626795053482056,109
11.639388084411621,110
11.639652967453003,111
11.640449047088623,112
11.640856981277466,113
11.703711986541748,114
11.703730821609497,115
12.136735916137695,116
12.148663997650146,117
12.1490957736969,118
12.149348974227905,119
12.149624109268188,120
12.205235958099365,121
12.815777063369751,122
12.81665301322937,123
12.817008018493652,124
12.926896095275879,125
12.927473068237305,126
12.927921772003174,127
12.928250074386597,128
13.323731899261475,129
13.324165105819702,130
13.435864925384521,131
13.847512006759644,132
13.847851991653442,133
13.848177909851074,134
14.052879095077515,135
14.348724842071533,136
14.349189043045044,137
14.36073112487793,138
14.557251930236816,139
14.85168194770813,140
14.864651918411255,141
15.46825909614563,142
15.468648910522461,143
15.468993902206421,144
15.469321966171265,145
15.972158908843994,146
15.972527027130127,147
15.972883939743042,148
15.973244190216064,149
16.476985931396484,150
16.47746706008911,151
16.477823972702026,152
16.478155851364136,153
16.58407998085022,154
16.980798959732056,155
16.981136083602905,156
16.98151397705078,157
17.093984842300415,158
17.191890001296997,159
17.492058038711548,160
17.49228310585022,161
17.492456912994385,162
17.602257013320923,163
17.69898796081543,164
17.994514226913452,165
17.99490189552307,166
17.99533700942993,167
18.500133991241455,168
18.500487089157104,169
18.50081515312195,170
18.501126050949097,171
18.501468181610107,172
18.611860990524292,173
19.008547067642212,174
19.008936882019043,175
19.009301900863647,176
19.009614944458008,177
19.009902000427246,178
19.117682933807373,179
19.52074384689331,180
19.52117896080017,181
19.522344827651978,182
19.52277898788452,183
19.523038864135742,184
19.619422912597656,185
20.134049892425537,186
20.13443088531494,187
20.134805917739868,188
20.14780592918396,189
20.148085832595825,190
20.14834189414978,191
20.148566961288452,192
20.240633964538574,193
20.85820698738098,194
20.858631134033203,195
20.859092950820923,196
20.85947012901306,197
20.859703063964844,198
20.972466945648193,199
21.378649950027466,200
21.591580867767334,201
21.591965913772583,202
21.59232187271118,203
21.88338804244995,204
22.095422983169556,205
22.095808029174805,206
22.096139907836914,207
22.391560792922974,208
22.60007381439209,209
22.60043478012085,210
22.60077214241028,211
22.893846035003662,212
23.103143215179443,213
23.103504180908203,214
23.103836059570312,215
23.207708835601807,216
23.812721014022827,217
23.81307601928711,218
23.81341791152954,219
23.813735961914062,220
23.81409001350403,221
23.82558298110962,222
24.31691002845764,223
24.31746506690979,224
24.317837953567505,225
24.31815195083618,226
24.31845998764038,227
24.331800937652588,228
24.820798873901367,229
24.8211669921875,230
24.821727991104126,231
24.822054147720337,232
24.822395086288452,233
24.835617065429688,234
25.44270896911621,235
25.44289493560791,236
25.44306492805481,237
25.443240880966187,238
25.443417072296143,239
25.948657751083374,240
25.949031114578247,241
25.949392080307007,242
25.949809789657593,243
26.449919939041138,244
26.450257062911987,245
26.463409185409546,246
26.46374797821045,247
26.95864701271057,248
26.959033012390137,249
26.972262144088745,250
26.9725501537323,251
27.471611976623535,252
27.47200608253479,253
27.988571166992188,254
27.988950967788696,255
27.98930287361145,256
27.989621877670288,257
27.989999055862427,258
28.606991052627563,259
28.60738706588745,260
28.60781502723694,261
28.60838294029236,262
28.608643054962158,263
28.608886003494263,264
29.116169929504395,265
29.11653709411621,266
29.116903066635132,267
29.11726689338684,268
29.117568016052246,269
29.11779808998108,270
29.62603998184204,271
29.626401901245117,272
29.626755952835083,273
29.627090215682983,274
29.62743592262268,275
29.62779688835144,276
30.13303017616272,277
30.13337016105652,278
30.133718967437744,279
30.13405203819275,280
30.134371995925903,281
30.134684085845947,282
30.63736605644226,283
30.637746810913086,284
30.638182163238525,285
30.638731002807617,286
30.639024019241333,287
30.639346837997437,288
30.74280285835266,289
31.150146961212158,290
31.150768995285034,291
31.15160298347473,293
31.151740789413452,293
31.260611057281494,294
31.261023998260498,295
31.261427879333496,296
31.26177406311035,297
31.764941930770874,298
31.765342950820923,299
32.266708850860596,300
32.26693081855774,301
33.218631982803345,302
33.21905303001404,303
33.219407081604004,304
33.21975588798523,305
33.33011603355408,306
33.330507040023804,307
33.72784781455994,308
33.728211879730225,309
33.72855019569397,310
33.728880167007446,311
33.84183120727539,312
33.8422749042511,313
34.23747181892395,314
34.23786687850952,315
34.23822784423828,316
34.23855686187744,317
34.34741020202637,318
34.34777498245239,319
34.7489230632782,320
34.749756813049316,321
34.75022006034851,322
34.750869035720825,323
35.256391763687134,324
35.2567880153656,325
35.25714087486267,326
35.25751495361328,327
35.25786900520325,328
35.258126974105835,329
35.258418798446655,330
35.25868010520935,331
35.763246059417725,332
35.76358914375305,333
35.76395010948181,334
35.76449990272522,335
35.76474905014038,336
35.76497793197632,337
35.765244007110596,338
35.765475034713745,339
35.86580300331116,340
36.2770299911499,341
36.282541036605835,342
36.284278869628906,343
36.284738063812256,344
36.28498196601868,345
36.286961793899536,346
36.37341785430908,347
36.374316930770874,348
36.377201795578,349
36.377477169036865,350
36.8841609954834,351
36.89733695983887,352
36.89757513999939,353
36.89785385131836,354
36.898045778274536,355
36.89831018447876,356
36.898561000823975,357
36.89881896972656,358
36.89905095100403,359
36.89927101135254,360
37.40425992012024,361
37.40464186668396,362
37.40520215034485,363
37.40587496757507,364
37.40688610076904,365
37.914443016052246,366
37.91465497016907,367
37.9148850440979,368
37.91509795188904,369
37.91531682014465,370
38.018887758255005,371
38.421398878097534,372
38.42165803909302,373
38.42189598083496,374
38.42214488983154,375
38.52330303192139,376
38.53653907775879,377
38.92523694038391,378
38.92558693885803,379
38.92586898803711,380
38.92615008354187,381
39.02498984336853,382
39.048990964889526,383
39.15475082397461,384
39.7734489440918,385
39.774214029312134,386
39.77542996406555,387
39.77597212791443,388
39.77633190155029,389
39.77656388282776,390
40.28376483917236,391
40.284138917922974,392
40.2845299243927,393
40.284929037094116,394
40.28526306152344,395
40.28561186790466,396
40.79526400566101,397
40.795676946640015,398
40.796095848083496,399
40.79647088050842,400
40.79678678512573,401
41.30405282974243,402
41.30440902709961,403
41.30476999282837,404
41.305140018463135,405
41.30549693107605,406
41.807621002197266,407
41.80816292762756,408
41.808533906936646,409
41.80883598327637,410
41.80918288230896,411
42.312963008880615,412
42.313227891922,413
42.82831692695618,414
42.8287091255188,415
42.82911205291748,416
43.33755302429199,417
43.33793616294861,418
43.45069193840027,419
43.960729122161865,420
44.58423185348511,421
44.58457899093628,422
45.09066390991211,423
45.09105205535889,424
45.60251784324646,425
45.602880001068115,426
46.10667896270752,427
46.10721802711487,428
46.61050200462341,429
46.61091184616089,430
47.22861695289612,431
47.22883987426758,432
47.22898602485657,433
47.731913805007935,434
47.73227310180664,435
47.73263692855835,436
48.23304486274719,437
48.23350501060486,438
48.75361704826355,439
48.75399398803711,440
48.75438618659973,441
48.7547550201416,442
49.25815486907959,443
49.25841403007507,444
49.258652210235596,445
49.25886678695679,446
49.88283586502075,447
49.883220911026,448
49.883572816848755,449
49.88390398025513,450
49.884263038635254,451
50.38500499725342,452
50.385616064071655,453
50.38605093955994,454
50.38633584976196,455
50.399516105651855,456
50.8913049697876,457
50.89172697067261,458
50.8921058177948,459
50.89245009422302,460
50.90567183494568,461
50.996334075927734,462
51.40266394615173,463
51.403053998947144,464
51.40341806411743,465
51.415908098220825,466
51.49726676940918,467
51.9079270362854,468
51.908337116241455,469
51.90899395942688,470
51.922120809555054,471
51.99852681159973,472
51.998656034469604,473
52.61614680290222,474
52.616687059402466,475
52.61731505393982,476
52.61768102645874,477
52.617953062057495,478
52.719849824905396,480
52.71990704536438,480
53.22468900680542,481
53.22508692741394,482
53.22546601295471,483
53.334097146987915,484
53.33452105522156,485
53.43796706199646,486
53.73398804664612,487
53.734342098236084,488
53.8427619934082,489
53.84314203262329,490
53.939945936203,491
54.56179976463318,492
54.56217288970947,493
54.56257104873657,494
54.562903881073,495
54.671704053878784,496
54.672019958496094,497
55.07064175605774,498
55.179879903793335,499
55.69674587249756,500
56.31225895881653,501
56.31257200241089,502
56.82035493850708,503
56.820754051208496,504
57.32491207122803,505
57.325161933898926,506
57.94133281707764,507
57.94184899330139,508
57.94223403930664,509
58.447824001312256,510
58.448204040527344,511
58.95008611679077,512
58.950502157211304,513
59.56510090827942,514
59.5655038356781,515
59.565840005874634,516
60.06943106651306,517
60.18326187133789,518
60.18367791175842,519
60.58133912086487,520
60.6948459148407,521
60.695260763168335,522
61.08401393890381,523
61.6995849609375,524
61.69992208480835,525
61.70027494430542,526
61.81123995780945,527
62.20210886001587,528
62.2023720741272,529
62.20264387130737,530
62.31410193443298,531
62.71134400367737,532
62.711708068847656,533
62.71206498146057,534
62.8235809803009,535
63.21745204925537,536
63.21767592430115,537
63.3284330368042,538
63.720778942108154,539
63.721128940582275,540
64.33819699287415,541
64.33855414390564,542
64.33893489837646,543
64.33932685852051,544
64.84498190879822,545
64.84550905227661,546
64.84653902053833,547
64.84682393074036,548
65.35102891921997,549
65.35137987136841,550
65.35176587104797,551
65.35215997695923,552
65.85816097259521,553
65.85854315757751,554
65.85892605781555,555
65.85931491851807,556
65.8596580028534,557
65.85999298095703,558
65.96664118766785,559
66.59143996238708,560
66.59182405471802,561
66.59214091300964,562
66.70387506484985,563
66.70424890518188,564
66.70461678504944,565
67.09949517250061,566
67.09987902641296,567
67.10015606880188,568
67.20649600028992,569
67.20677304267883,570
67.20702505111694,571
67.60837697982788,572
67.60882496833801,573
67.60918402671814,574
67.71068692207336,575
67.71086621284485,576
67.7110378742218,577
68.11564993858337,578
68.1160249710083,579
68.1164038181305,580
68.21534895896912,581
68.2157130241394,582
68.21603393554688,583
68.62564706802368,584
68.62601494789124,585
68.62638306617737,586
68.72606992721558,587
68.72646403312683,588
68.72683095932007,589
69.13303184509277,590
69.13345885276794,591
69.13389205932617,592
69.65988087654114,593
69.66025996208191,594
69.6606330871582,595
69.66096091270447,596
69.66126418113708,597
69.66150903701782,598
69.66174983978271,599
69.76566505432129,600
70.16606497764587,601
70.16641807556152,602
70.16674995422363,603
70.16710901260376,604
70.16735792160034,605
70.16760277748108,606
70.26759099960327,607
70.6677930355072,608
70.66817712783813,609
70.66853094100952,610
70.68143606185913,611
70.68171381950378,612
70.68202996253967,613
70.76827788352966,614
70.76855111122131,615
71.17956185340881,616
71.1799647808075,617
71.18027591705322,618
71.19232392311096,619
71.19263696670532,620
71.19290113449097,621
71.28179407119751,622
71.68500185012817,623
71.6853449344635,624
71.68568181991577,625
71.69855785369873,626
71.69873881340027,627
71.6989369392395,628
71.78489589691162,629
72.31938195228577,630
72.31957912445068,631
72.31976699829102,632
72.31994009017944,633
72.3201048374176,634
72.32027316093445,635
72.32042694091797,636
72.43325781822205,637
72.83360981941223,638
72.83396911621094,639
72.83430004119873,640
72.834645986557,641
72.94578695297241,642
73.34560775756836,643
73.34600687026978,644
73.34639310836792,645
73.34681010246277,646
73.45771908760071,647
73.85633897781372,648
73.85685896873474,649
73.85729718208313,650
73.85766077041626,651
73.96444416046143,652
74.35711598396301,653
74.37111592292786,654
74.3713629245758,655
74.37153816223145,656
74.87467908859253,657
74.8751311302185,658
74.87565898895264,660
74.87569618225098,660
75.38621091842651,661
75.3865818977356,662
75.38696384429932,663
75.3873200416565,664
75.49670386314392,665
75.89288115501404,666
75.89326095581055,667
75.89365077018738,668
75.89398503303528,669
76.51217603683472,670
76.51255893707275,671
76.5129599571228,672
76.62464308738708,673
76.6252110004425,674
76.62559103965759,675
76.73074102401733,676
77.13052582740784,677
77.1309380531311,678
77.34135913848877,679
77.34162998199463,680
77.65677690505981,681
77.65739107131958,682
77.84405303001404,683
77.84447193145752,684
78.46644592285156,685
78.46689200401306,686
78.46725606918335,687
78.46758484840393,688
78.46785712242126,689
78.96926093101501,690
78.96974897384644,691
78.97019600868225,692
78.97060704231262,693
78.9709620475769,694
79.48214793205261,695
79.48252010345459,696
79.48288893699646,697
79.48326897621155,698
79.48366618156433,699
79.99166202545166,700
79.99207186698914,701
79.99265098571777,702
79.99299097061157,703
79.99331307411194,704
80.09819006919861,705
80.49588084220886,706
80.49627494812012,707
80.496661901474,708
80.6062331199646,709
80.60670399665833,710
80.6076409816742,711
80.6081759929657,712
80.6214919090271,713
81.11865282058716,714
81.11902594566345,715
81.13241219520569,716
81.23367595672607,717
81.23553395271301,718
81.23614501953125,719
81.6275269985199,720
81.62793016433716,721
81.64120602607727,722
81.73901700973511,723
82.35531997680664,724
82.35557198524475,725
82.98359608650208,726
82.98410201072693,727
83.09509491920471,728
83.48552203178406,729
84.10375595092773,730
84.10419201850891,731
84.21968507766724,732
84.61650395393372,733
84.61692690849304,734
84.72354197502136,735
85.12188410758972,736
85.12234687805176,737
85.23152709007263,738
85.62842011451721,739
85.62883806228638,740
85.73977494239807,741
86.13964200019836,742
86.13999795913696,743
86.2484200000763,744
86.65024399757385,745
86.65063118934631,746
86.75006198883057,747
87.15376996994019,748
87.15412592887878,749
87.2518630027771,750
87.66072607040405,751
87.6610951423645,752
87.76086091995239,753
88.16388297080994,754
88.16435599327087,755
88.6820011138916,756
88.68245077133179,757
88.68287086486816,758
88.68350887298584,759
89.19452786445618,760
89.19494485855103,761
89.19546389579773,762
89.19587802886963,763
89.19626688957214,764
89.19676899909973,765
89.70786190032959,766
89.70830202102661,767
89.7088189125061,768
89.70922207832336,769
89.70954489707947,770
89.70981907844543,771
89.80807495117188,772
90.2205958366394,773
90.22095799446106,774
90.22132182121277,775
90.31150794029236,776
90.72458004951477,777
90.72504901885986,778
90.72553014755249,779
91.23669505119324,780
91.23708415031433,781
91.23759198188782,782
91.23806500434875,783
91.34623694419861,784
91.74498200416565,785
91.74534487724304,786
91.74569010734558,787
91.74601292610168,788
91.85583996772766,789
92.2543580532074,790
92.25458979606628,791
92.25478506088257,792
92.2549729347229,793
92.36632585525513,794
92.76084089279175,795
92.7611141204834,796
92.8747980594635,797
93.27192401885986,798
93.2722909450531,799
93.79386591911316,800
93.79422402381897,801
93.79462194442749,802
93.79503107070923,803
94.29590177536011,804
94.29629516601562,805
94.29672908782959,806
94.297199010849,807
94.80096793174744,808
94.80141592025757,809
94.80178499221802,810
94.8022141456604,811
95.3139808177948,812
95.31437993049622,813
95.3147840499878,814
95.42440009117126,815
95.42486190795898,816
95.82594895362854,817
95.82615184783936,818
95.82632207870483,819
95.93246412277222,820
95.9326901435852,821
96.33285903930664,822
96.3337869644165,823
96.3341109752655,824
96.43688011169434,825
96.43725204467773,826
96.83592486381531,827
96.83633399009705,828
96.83671283721924,829
96.95008993148804,830
96.95052480697632,831
97.33763909339905,832
97.33782005310059,833
97.33798003196716,834
97.86279892921448,835
97.86411905288696,836
97.86455392837524,837
97.86554217338562,838
97.86629915237427,839
97.86739492416382,840
98.36916899681091,841
98.36999702453613,842
98.37040996551514,843
98.37079191207886,844
98.87647795677185,845
98.87687802314758,846
98.87720203399658,847
98.87753701210022,848
99.38277697563171,849
99.3831799030304,850
99.3836019039154,851
99.9074399471283,852
99.90780782699585,853
99.90815687179565,854
100.01112794876099,855
100.41041612625122,856
100.4108259677887,857
100.41119408607483,858
100.51289701461792,859
100.91455602645874,860
100.91496014595032,861
100.91557288169861,862
101.42928719520569,863
101.42970204353333,864
101.43004488945007,865
101.430410861969,866
101.43070006370544,867
101.43100309371948,868
101.93980693817139,869
101.94036293029785,870
101.94076490402222,871
101.94112205505371,872
101.94149398803711,873
101.94192886352539,874
102.44669198989868,875
102.44707298278809,876
102.447438955307,877
102.44780421257019,878
102.44814682006836,879
102.44848775863647,880
102.55445289611816,881
102.95806503295898,882
102.958487033844,883
102.95886516571045,884
102.95925188064575,885
102.95955491065979,886
103.05642580986023,887
103.46681213378906,888
103.46719408035278,889
103.46750998497009,890
103.4678840637207,891
103.46824288368225,892
103.55715799331665,893
103.96894001960754,894
103.9691550731659,895
103.96935105323792,896
103.9695520401001,897
103.96975302696228,898
103.9700939655304,899
103.97024512290955,900
103.97049808502197,901
103.97083497047424,902
104.06898593902588,903
104.68618893623352,904
104.68658399581909,905
104.68698000907898,906
104.68735313415527,907
104.68769979476929,908
104.69954800605774,909
104.79921102523804,910
105.19177389144897,911
105.19317388534546,912
105.19359087944031,913
105.2057158946991,914
105.30671095848083,915
105.69543695449829,916
105.69585394859314,917
105.69624185562134,918
105.70853090286255,919
105.81944489479065,920
106.19891405105591,921
106.19928503036499,922
106.19967985153198,923
106.21299290657043,924
106.32260084152222,925
106.70170497894287,926
106.70212388038635,927
106.70249104499817,928
106.71551394462585,929
106.82463002204895,930
107.20328688621521,931
107.20370602607727,932
107.20404195785522,933
107.72479677200317,934
107.72526502609253,935
107.72561883926392,936
107.72596096992493,937
107.72642302513123,938
107.72673106193542,939
108.23697710037231,940
108.23734593391418,941
108.23775792121887,942
108.2381501197815,943
108.23850107192993,944
108.23887896537781,945
108.341139793396,946
108.73900198936462,947
108.73920512199402,948
108.73941016197205,949
108.75266981124878,950
108.75293803215027,951
108.84204006195068,952
109.45406103134155,953
109.45444083213806,954
109.45481014251709,955
109.45516991615295,956
109.45557188987732,957
109.45592379570007,958
109.56976294517517,959
109.96097207069397,960
109.96142315864563,961
109.96179986000061,962
109.96218395233154,963
109.96245503425598,964
109.96275496482849,965
110.07245588302612,966
110.46584391593933,967
110.46622109413147,968
110.46660304069519,969
110.46696281433105,970
110.46725392341614,971
110.46751308441162,972
110.58039808273315,973
110.96976613998413,974
110.97018694877625,975
110.9705650806427,976
110.97115206718445,977
110.97151303291321,978
110.97181582450867,979
111.47634816169739,980
111.47703385353088,982
111.47708892822266,982
111.47750496864319,983
111.4778139591217,984
112.00365781784058,985
112.00408101081848,986
112.09338808059692,987
112.09378409385681,988
112.09413695335388,989
112.61672806739807,990
112.61706900596619,991
112.61745095252991,992
112.61786198616028,993
112.61817598342896,994
112.61843490600586,995
113.12960195541382,996
113.12999486923218,997
113.1303699016571,998
113.13079285621643,999
113.13114213943481,1000
113.13143396377563,1001
113.23267698287964,1002
113.63350701332092,1003
113.63390898704529,1004
113.63430905342102,1005
113.63467788696289,1006
113.63507604598999,1007
113.73459696769714,1008
114.35766291618347,1009
114.46968388557434,1010
114.47005581855774,1011
114.47042298316956,1012
114.47080707550049,1013
114.471107006073,1014
114.47139096260071,1015
114.86778807640076,1016
114.97060799598694,1017
114.98583483695984,1018
114.98612999916077,1019
115.47126388549805,1020
115.48275184631348,1021
115.48300790786743,1022
115.48319697380066,1023
115.48341798782349,1024
115.49796080589294,1025
115.49826407432556,1026
115.99048209190369,1027
115.99099493026733,1028
115.9913899898529,1029
116.01743412017822,1030
116.01777791976929,1031
116.52566075325012,1032
116.526043176651,1033
116.61278295516968,1034
116.61317706108093,1035
117.02995705604553,1036
117.03039789199829,1037
117.54776287078857,1038
117.54820990562439,1039
117.54867506027222,1040
117.6515839099884,1041
117.65197682380676,1042
118.17182683944702,1043
118.17219495773315,1044
118.27044916152954,1045
118.67888188362122,1046
118.67978096008301,1047
118.77645301818848,1048
118.77665400505066,1049
119.29132103919983,1050
119.29178500175476,1051
119.30467987060547,1052
119.30517387390137,1053
119.8207049369812,1054
119.83209800720215,1055
119.83270192146301,1056
119.83312201499939,1057
119.83338904380798,1058
120.36025285720825,1059
120.36065411567688,1060
120.36101698875427,1061
120.36142206192017,1062
120.36178994178772,1063
120.36209893226624,1064
120.86955499649048,1065
120.86997604370117,1066
120.87068486213684,1067
120.87103295326233,1068
120.8714029788971,1069
120.87176704406738,1070
120.97489500045776,1071
121.38060092926025,1072
121.38098001480103,1073
121.38136100769043,1074
121.47938084602356,1075
121.49271178245544,1076
121.49295616149902,1077
121.49312400817871,1078
122.10408592224121,1079
122.10448980331421,1080
122.10487794876099,1081
122.2114269733429,1082
122.61213302612305,1083
122.61244583129883,1084
122.71516489982605,1085
123.34668397903442,1086
123.34709692001343,1087
123.34749698638916,1088
123.34783601760864,1089
123.34812092781067,1090
123.87470412254333,1091
123.87514591217041,1092
123.87553310394287,1093
123.8758499622345,1094
123.96402406692505,1095
123.96554112434387,1096
124.38246011734009,1097
124.38289880752563,1098
124.38328504562378,1099
124.3838279247284,1100
124.4746720790863,1101
124.47511601448059,1102
124.88795590400696,1103
124.88835906982422,1104
124.9777660369873,1105
124.97837591171265,1106
125.39183783531189,1107
125.48268580436707,1108
125.48336601257324,1109
125.48367619514465,1110
125.4839448928833,1111
125.48440384864807,1112
125.48447895050049,1113
125.993479013443,1114
125.99385905265808,1115
125.99423098564148,1116
125.99458980560303,1117
125.9949381351471,1118
125.99528384208679,1119
125.9955370426178,1120
125.99580788612366,1121
126.49862384796143,1122
126.49910402297974,1123
126.49951195716858,1124
126.49990391731262,1125
126.61350297927856,1126
127.0031988620758,1127
127.0038697719574,1128
127.00436305999756,1129
127.00462508201599,1130
127.11667084693909,1131
127.50767397880554,1132
127.50820088386536,1133
127.50857377052307,1134
127.50887608528137,1135
127.62059593200684,1136
128.01655912399292,1137
128.01782488822937,1138
128.01819896697998,1139
128.01858615875244,1140
128.52062892913818,1141
128.52108597755432,1142
128.53446197509766,1143
128.64297008514404,1144
129.04212498664856,1145
129.6662299633026,1146
129.6666238307953,1147
130.19060897827148,1148
130.19192385673523,1149
130.19228410720825,1150
130.19256901741028,1151
130.70272088050842,1152
130.70313692092896,1153
130.81616306304932,1154
131.21580696105957,1155
131.21623396873474,1156
131.31942486763,1157
131.73658394813538,1158
131.73703002929688,1159
131.82335996627808,1160
132.24100494384766,1161
132.24133896827698,1162
132.32462620735168,1163
132.74277710914612,1164
132.74305605888367,1165
132.82576298713684,1166
133.24731588363647,1167
133.24769806861877,1168
133.32697296142578,1169
133.754821062088,1170
133.75521802902222,1171
133.82887291908264,1172
134.26027703285217,1173
134.26067185401917,1174
134.3307900428772,1175
134.76672196388245,1176
134.76712203025818,1177
134.83208394050598,1178
135.44646096229553,1179
135.44806599617004,1180
135.44960618019104,1181
135.45392084121704,1182
135.95652794837952,1183
135.95683097839355,1184
135.95708584785461,1185
135.95731806755066,1186
136.46502089500427,1187
136.46533703804016,1188
136.46558499336243,1189
136.4659960269928,1190
136.97450995445251,1191
136.97499895095825,1192
136.9753930568695,1193
136.97582602500916,1194
137.5011749267578,1195
137.50173902511597,1196
137.50221800804138,1197
137.5026400089264,1198
137.60109686851501,1199
138.0084011554718,1200
138.00933504104614,1201
138.00987195968628,1202
138.01025891304016,1203
138.10808110237122,1204
138.51916480064392,1205
138.51936793327332,1206
138.61594796180725,1207
138.6164050102234,1208
139.0321409702301,1209
139.03242897987366,1210
139.1179039478302,1211
139.54392194747925,1212
139.54441905021667,1213
139.61994791030884,1214
140.0489740371704,1215
140.04965901374817,1216
140.12211084365845,1217
140.55174016952515,1218
140.55214309692383,1219
140.62448406219482,1220
141.05394196510315,1221
141.05441880226135,1222
141.126610994339,1223
141.12668585777283,1224
141.56302309036255,1225
141.56434607505798,1226
141.62841391563416,1227
142.06669902801514,1228
142.0672791004181,1229
142.13023209571838,1230
142.1302580833435,1231
142.64480996131897,1232
142.64504504203796,1233
142.6452488899231,1234
142.64547991752625,1235
143.14914798736572,1236
143.1495018005371,1237
143.14982295036316,1238
143.1500861644745,1239
143.6576030254364,1240
143.65821313858032,1241
143.65863704681396,1242
143.6590530872345,1243
144.17623496055603,1244
144.17669916152954,1245
144.1771330833435,1246
144.1774981021881,1247
144.17778205871582,1248
144.68867802619934,1249
144.68912196159363,1250
144.6895968914032,1251
144.6901500225067,1252
145.31118607521057,1253
145.311420917511,1254
145.3116557598114,1255
145.31189393997192,1256
145.82395601272583,1257
145.8243818283081,1258
145.8246419429779,1259
145.82485795021057,1260
146.3289499282837,1261
146.3293538093567,1262
146.32967710494995,1263
146.32997798919678,1264
146.8350808620453,1265
146.8355131149292,1266
146.83595991134644,1267
146.83637022972107,1268
147.3364338874817,1269
147.33666896820068,1270
147.3486487865448,1271
147.3488929271698,1272
147.84689497947693,1273
147.84730219841003,1274
147.86085081100464,1275
147.8612608909607,1276
148.36336517333984,1277
148.36418509483337,1279
148.36423110961914,1279
148.3649880886078,1280
148.36530995368958,1281
148.3768811225891,1282
148.37718200683594,1283
148.874596118927,1284
148.87502098083496,1285
148.88758182525635,1286
148.88790082931519,1287
149.49127388000488,1288
149.49161100387573,1289
149.49186396598816,1290
149.4920518398285,1291
149.60548186302185,1292
149.99867486953735,1293
149.9990839958191,1294
149.99951696395874,1295
149.9998881816864,1296
150.1108479499817,1297
150.5110058784485,1298
151.13494396209717,1299
151.24431204795837,1300
151.24474096298218,1301
151.64690709114075,1302
151.7570788860321,1303
151.75764918327332,1304
152.37197589874268,1305
152.37230515480042,1306
152.37262988090515,1307
152.88372802734375,1308
152.88414573669434,1309
153.50288796424866,1310
153.50328278541565,1311
153.6037838459015,1312
154.00370979309082,1313
154.01565408706665,1314
154.10971403121948,1315
154.62797784805298,1316
154.62847900390625,1317
154.62887287139893,1318
154.62924695014954,1319
155.13463497161865,1320
155.13506507873535,1321
155.13546013832092,1322
155.1358687877655,1323
155.6363160610199,1324
155.63679099082947,1325
155.63840889930725,1326
155.65124988555908,1327
156.15101099014282,1328
156.15147590637207,1329
156.26151299476624,1330
156.26184487342834,1331
156.65988302230835,1332
156.66007113456726,1333
156.7711501121521,1334
156.7719600200653,1335
157.16663789749146,1336
157.16710090637207,1337
157.27534294128418,1338
157.27554893493652,1339
157.78329586982727,1340
157.78369307518005,1341
158.28648400306702,1342
158.28688502311707,1343
158.81161284446716,1344
158.8120460510254,1345
158.8124499320984,1346
159.31473207473755,1347
159.31516098976135,1348
159.83128690719604,1349
159.8317129611969,1350
159.83209896087646,1351
160.3355770111084,1352
160.33595418930054,1353
160.3363471031189,1354
160.8451099395752,1355
160.84550499916077,1356
160.84596180915833,1357
161.45870900154114,1358
161.4591338634491,1359
161.4724199771881,1360
161.472727060318,1361
161.97433590888977,1362
161.97483801841736,1363
162.5950949192047,1364
162.5955319404602,1365
162.59596800804138,1366
163.10773396492004,1367
163.10818195343018,1368
163.1085548400879,1369
163.61637806892395,1370
163.6167769432068,1371
163.6171360015869,1372
164.12185907363892,1373
164.1222219467163,1374
164.12272095680237,1375
164.74668312072754,1376
164.74719309806824,1377
164.747633934021,1378
164.7480390071869,1379
165.2583658695221,1380
165.25868105888367,1381
165.2589612007141,1382
165.259272813797,1383
165.76739811897278,1384
165.76900506019592,1385
165.7697639465332,1386
165.7701370716095,1387
166.50696277618408,1388
166.50756096839905,1389
166.50820803642273,1390
166.50860595703125,1391
167.12536191940308,1392
167.12583708763123,1393
167.12615180015564,1394
167.62869596481323,1395
167.62913298606873,1396
168.25396180152893,1397
168.25441598892212,1398
168.25483584403992,1399
168.86835098266602,1400
168.86878991127014,1401
168.86949181556702,1402
169.37314820289612,1403
169.37358212471008,1404
169.37404417991638,1405
169.37444806098938,1406
169.3749339580536,1407
169.37541794776917,1408
169.88383197784424,1409
169.8841037750244,1410
169.8843629360199,1411
169.88459300994873,1412
170.384535074234,1413
170.3979208469391,1414
170.3981568813324,1415
170.3983438014984,1416
171.01203203201294,1417
171.01245999336243,1418
171.01295518875122,1419
171.0132920742035,1420
171.52487802505493,1421
171.52530717849731,1422
171.52577996253967,1423
171.52616906166077,1424
172.05395102500916,1425
172.05419301986694,1426
172.05441880226135,1427
172.13890600204468,1428
172.13931012153625,1429
172.56187891960144,1430
172.5623800754547,1431
172.56278705596924,1432
172.6481490135193,1433
172.6486098766327,1434
173.06982588768005,1435
173.07022404670715,1436
173.0706069469452,1437
173.15841817855835,1438
173.15880012512207,1439
173.57531213760376,1440
173.57578897476196,1441
173.57624697685242,1442
174.09602308273315,1443
174.0964870452881,1444
174.09688591957092,1445
174.0972490310669,1446
174.09752297401428,1447
174.09779286384583,1448
174.60241985321045,1449
174.71672296524048,1450
174.7171709537506,1451
174.71755194664001,1452
174.71802806854248,1453
175.22625088691711,1454
175.22663497924805,1455
175.22704100608826,1456
175.22743010520935,1457
175.31981992721558,1458
175.7353880405426,1459
175.73567414283752,1460
175.7358798980713,1461
175.7369749546051,1462
175.82295489311218,1463
176.23841190338135,1464
176.2387671470642,1465
176.2390739917755,1466
176.23947596549988,1467
176.32623291015625,1468
176.75038313865662,1469
176.75077080726624,1470
176.75117206573486,1471
176.82894611358643,1472
177.25343298912048,1473
177.25390696525574,1474
177.25429701805115,1475
177.34084916114807,1476
177.75503301620483,1477
177.75545001029968,1478
177.76838302612305,1479
177.8426079750061,1480
178.26289987564087,1481
178.26337814331055,1482
178.2751967906952,1483
178.3465781211853,1484
178.77158403396606,1485
178.7720229625702,1486
179.2882809638977,1487
179.28874588012695,1488
179.2891800403595,1489
179.28943395614624,1490
179.28974890708923,1491
179.7924509048462,1492
179.79291415214539,1493
179.79338097572327,1494
179.79381704330444,1495
179.9063320159912,1496
180.29904794692993,1497
180.2993199825287,1498
180.2995948791504,1499
180.30011415481567,1500
180.4056282043457,1501
180.4136700630188,1502
181.0148730278015,1503
181.0152711868286,1504
181.01568412780762,1505
181.01606917381287,1506
181.01644682884216,1507
181.13834381103516,1508
181.51683807373047,1509
181.51729202270508,1510
181.51805591583252,1511
181.52990794181824,1512
181.53022694587708,1513
181.64110779762268,1514
182.02007913589478,1515
182.03336906433105,1516
182.03369688987732,1517
182.5410611629486,1518
182.54160499572754,1519
182.54205584526062,1520
182.54251384735107,1521
182.54290199279785,1522
182.54328894615173,1523
183.0546841621399,1524
183.05531406402588,1526
183.05537295341492,1526
183.05617308616638,1527
183.05646896362305,1528
183.056786775589,1529
183.05717015266418,1530
183.6739981174469,1531
183.67459797859192,1532
183.67501091957092,1533
183.67540192604065,1534
183.7905309200287,1535
184.17848110198975,1536
184.17891597747803,1537
184.17933678627014,1538
184.17983984947205,1539
184.30252885818481,1540
184.68719696998596,1541
184.6876609325409,1542
184.68826389312744,1543
185.1906328201294,1544
185.1911449432373,1545
185.19160175323486,1546
185.1919548511505,1547
185.2045340538025,1548
185.20482993125916,1549
185.69970202445984,1550
185.70010495185852,1551
185.70047616958618,1552
185.70085906982422,1553
185.7142219543457,1554
185.71453499794006,1555
186.20681500434875,1556
186.2075319290161,1557
186.2080078125,1558
186.20839500427246,1559
186.22198295593262,1560
186.22229599952698,1561
186.7267451286316,1562
186.7272491455078,1563
187.23301911354065,1564
187.23346304893494,1565
187.75720691680908,1566
187.75774788856506,1567
187.85763502120972,1568
188.26180601119995,1569
188.26212811470032,1570
188.36497616767883,1571
188.76739597320557,1572
188.86952590942383,1573
189.38165092468262,1574
189.3820390701294,1575
189.49117302894592,1576
189.88740301132202,1577
189.88784289360046,1578
189.99869513511658,1579
190.38829398155212,1580
190.40151691436768,1581
190.9220290184021,1582
190.92278814315796,1583
190.92322397232056,1584
190.92367887496948,1585
191.43154001235962,1586
191.43201613426208,1587
191.4324448108673,1588
191.43282389640808,1589
191.9342589378357,1590
191.9345898628235,1591
191.93486499786377,1592
191.93510484695435,1593
192.4374759197235,1594
192.43777513504028,1595
192.43804478645325,1596
192.43830490112305,1597
193.0626208782196,1598
193.0630660057068,1599
193.06350207328796,1600
193.06390285491943,1601
193.06431412696838,1602
193.57058715820312,1603
193.5710368156433,1604
193.57147789001465,1605
194.19499802589417,1606
194.1954209804535,1607
194.19583892822266,1608
194.19620990753174,1609
194.70251297950745,1610
194.70294284820557,1611
194.7035310268402,1612
194.70391607284546,1613
195.20766687393188,1614
195.20834493637085,1615
195.20843315124512,1616
195.20884799957275,1617
195.829598903656,1618
195.8300609588623,1619
195.8305220603943,1620
195.94188690185547,1621
196.34109592437744,1622
196.3415789604187,1623
196.34203100204468,1624
196.4431459903717,1625
196.45231986045837,1626
197.06168603897095,1627
197.06208395957947,1628
197.06288290023804,1629
197.06316590309143,1630
197.06347107887268,1631
197.68636417388916,1632
197.686861038208,1633
197.79984498023987,1634
197.8002951145172,1635
198.32169890403748,1636
198.32219409942627,1637
198.3226249217987,1638
198.9357087612152,1639
198.93617701530457,1640
199.05707478523254,1641
199.05736804008484,1642
199.43992495536804,1643
199.44047784805298,1644
200.0653519630432,1645
200.0660879611969,1646
200.06657814979553,1647
200.17847180366516,1648
200.17886519432068,1649
200.57735586166382,1650
200.57785892486572,1651
200.5785369873047,1652
200.682687997818,1653
200.68351411819458,1654
201.0907289981842,1655
201.09117007255554,1656
201.18539476394653,1657
201.59225487709045,1658
201.5926718711853,1659
201.6873059272766,1660
202.31208896636963,1661
202.4259750843048,1662
202.4261989593506,1663
202.93913221359253,1664
202.93958282470703,1665
203.5626118183136,1666
203.56306099891663,1667
203.56460785865784,1668
204.0704469680786,1669
204.07090401649475,1670
204.0715570449829,1671
204.5756871700287,1672
204.576110124588,1673
204.57655692100525,1674
204.57721281051636,1675
204.57759499549866,1676
205.08793807029724,1677
205.0883800983429,1678
205.61297988891602,1679
205.61344981193542,1680
205.613862991333,1681
206.12841391563416,1682
206.12891578674316,1683
206.12936282157898,1684
206.14142894744873,1685
206.64596390724182,1686
206.74712014198303,1687
206.7475597858429,1688
206.748281955719,1689
206.8538317680359,1690
207.25370383262634,1691
207.25411200523376,1692
207.25451803207397,1693
207.25489616394043,1694
207.25528597831726,1695
207.35698294639587,1696
207.7618510723114,1697
207.7622950077057,1698
207.7627398967743,1699
207.76312589645386,1700
207.76344394683838,1701
207.86259984970093,1702
207.86262607574463,1703
208.27122592926025,1704
208.27163696289062,1705
208.27197885513306,1706
208.27224707603455,1707
208.78200101852417,1708
208.89686393737793,1709
208.89732909202576,1710
208.89773988723755,1711
208.89812183380127,1712
208.89844489097595,1713
209.28921008110046,1714
209.4041919708252,1715
209.4046130180359,1716
209.405042886734,1717
209.405424118042,1718
209.40574502944946,1719
209.5085711479187,1720
210.1293330192566,1721
210.1297059059143,1722
210.13008308410645,1723
210.13051104545593,1724
210.1308720111847,1725
210.24330806732178,1726
210.64070796966553,1727
210.64120483398438,1728
210.6416380405426,1729
210.64198899269104,1730
210.64227986335754,1731
210.74458599090576,1732
211.14834713935852,1733
211.14882707595825,1734
211.1492600440979,1735
211.14968180656433,1736
211.1500861644745,1737
211.2490119934082,1738
211.65092611312866,1739
211.65135097503662,1740
211.65175485610962,1741
211.65216207504272,1742
211.66389083862305,1743
211.75160694122314,1744
212.15666604042053,1745
212.15749502182007,1746
212.1579351425171,1747
212.15866804122925,1748
212.6715750694275,1749
212.6720609664917,1750
212.67250800132751,1751
212.77275109291077,1752
212.77315998077393,1753
212.7742440700531,1754
212.77467799186707,1755
213.17768096923828,1756
213.1781599521637,1757
213.2805449962616,1758
213.28100490570068,1759
213.28147506713867,1760
213.28186321258545,1761
213.6865918636322,1762
213.68704104423523,1763
213.79079794883728,1764
213.7915279865265,1765
213.79160118103027,1766
213.79204487800598,1767
213.79262518882751,1768
214.3064727783203,1769
214.30712795257568,1770
214.30769395828247,1771
214.3080050945282,1772
214.308336019516,1773
214.41167092323303,1774
214.42484188079834,1775
214.81910300254822,1776
214.8195240497589,1777
214.81993293762207,1778
214.82041215896606,1779
214.8210301399231,1780
214.91296195983887,1781
214.92660999298096,1782
215.32326292991638,1783
215.32381892204285,1784
215.32429003715515,1785
215.32461214065552,1786
215.3249068260193,1787
215.41562390327454,1788
215.4292299747467,1789
215.82523202896118,1790
215.82568097114563,1791
215.83940601348877,1792
215.8396589756012,1793
215.83996105194092,1794
215.91727089881897,1795
215.94131898880005,1796
216.3288700580597,1797
216.329283952713,1798
216.34049105644226,1799
216.34123587608337,1800
216.3529109954834,1801
216.42821502685547,1802
216.42875480651855,1803
216.45379996299744,1804
216.83241391181946,1805
216.83304381370544,1806
217.35414695739746,1807
217.35437417030334,1808
217.35460805892944,1809
217.35480189323425,1810
217.35499477386475,1811
217.35519695281982,1812
217.35542798042297,1813
217.44391179084778,1814
217.86512398719788,1815
217.86535811424255,1816
217.86556315422058,1817
217.8658149242401,1818
217.86602306365967,1819
217.8662130832672,1820
217.86641097068787,1821
217.95394611358643,1822
218.36831879615784,1823
218.36882400512695,1824
218.3692238330841,1825
218.36954808235168,1826
218.36986589431763,1827
218.37017798423767,1828
218.3704948425293,1829
218.458181142807,1830
218.88030886650085,1831
218.88083696365356,1832
218.88222885131836,1833
218.8827030658722,1834
218.88308811187744,1835
218.88341999053955,1836
218.8836169242859,1837
218.96110200881958,1838
219.39112997055054,1839
219.39147996902466,1840
219.3918309211731,1841
219.39215397834778,1842
219.39246892929077,1843
219.39314603805542,1844
219.39344191551208,1845
220.0103018283844,1846
220.01074504852295,1847
220.01113295555115,1848
220.1275360584259,1849
220.52644395828247,1850
220.5291121006012,1851
220.5345687866211,1852
220.63571500778198,1853
221.03841185569763,1854
221.0388698577881,1855
221.14271903038025,1856
221.5455129146576,1857
221.5459589958191,1858
221.64475893974304,1859
222.05774307250977,1860
222.05825805664062,1861
222.1460199356079,1862
222.14604783058167,1863
222.56176900863647,1864
222.56224298477173,1865
223.08144998550415,1866
223.17926287651062,1867
223.1797230243683,1868
223.1801221370697,1869
223.58753514289856,1870
223.68566489219666,1871
223.68608784675598,1872
223.68645191192627,1873
224.08966588974,1874
224.1932201385498,1875
224.19368696212769,1876
224.19411611557007,1877
224.60066986083984,1878
224.7038540840149,1879
224.70427703857422,1880
224.70468091964722,1881
225.32417511940002,1882
225.32463002204895,1883
225.32504105567932,1884
225.32543206214905,1885
225.32580995559692,1886
225.82796907424927,1887
225.82918500900269,1888
225.82959413528442,1889
226.33087515830994,1890
226.34306597709656,1891
226.34332489967346,1892
226.83691692352295,1893
226.8496549129486,1894
226.85021090507507,1895
227.3589780330658,1896
227.3593509197235,1897
227.35954809188843,1898
227.4576289653778,1899
227.97054505348206,1900
227.98242092132568,1901
227.9839768409729,1902
227.98420906066895,1903
228.58669590950012,1904
228.58689999580383,1905
228.69677209854126,1906
229.08780097961426,1907
229.0882968902588,1908
229.2047300338745,1909
229.596284866333,1910
229.59679889678955,1911
229.7084059715271,1912
230.10723090171814,1913
230.10768795013428,1914
230.22028398513794,1915
230.61479687690735,1916
230.6153049468994,1917
230.72913098335266,1918
231.11901688575745,1919
231.11945700645447,1920
231.23320388793945,1921
231.63057780265808,1922
231.6310441493988,1923
231.74067187309265,1924
232.13679790496826,1925
232.13720893859863,1926
232.25088095664978,1927
232.6387939453125,1928
232.63925099372864,1929
232.76147079467773,1930
233.15115213394165,1931
233.15161204338074,1932
233.27441716194153,1933
233.6581790447235,1934
233.65866899490356,1935
233.7819151878357,1936
234.169695854187,1937
234.17016196250916,1938
234.68703198432922,1939
234.68755507469177,1940
234.79058980941772,1941
234.79149413108826,1942
235.29722595214844,1943
235.2976429462433,1944
235.2982759475708,1945
235.8017439842224,1946
235.80215287208557,1947
235.80259919166565,1948
236.30825805664062,1949
236.30870389938354,1950
236.30910897254944,1951
236.82079005241394,1952
236.82133197784424,1953
236.82218313217163,1954
237.32725405693054,1955
237.32750606536865,1956
237.32773303985596,1957
237.44140195846558,1958
237.83987092971802,1959
237.84061002731323,1960
237.84116911888123,1961
237.94337391853333,1962
238.34513878822327,1963
238.34555006027222,1964
238.345960855484,1965
238.44603300094604,1966
238.85089302062988,1967
238.85136795043945,1968
238.85184788703918,1969
239.3781270980835,1970
239.37852787971497,1971
239.37885212898254,1972
239.3795177936554,1973
239.3800129890442,1974
239.89962697029114,1975
239.90098977088928,1976
239.90144085884094,1977
239.90184211730957,1978
239.9022388458252,1979
240.00692796707153,1980
240.41157293319702,1981
240.41199398040771,1982
240.4124619960785,1983
240.41287183761597,1984
240.41327786445618,1985
240.51957297325134,1986
240.51987981796265,1987
241.14497804641724,1988
241.14532804489136,1989
241.14609289169312,1990
241.14641189575195,1991
241.1467089653015,1992
241.14702105522156,1993
241.65760707855225,1994
242.27939987182617,1995
242.2796769142151,1996
242.2800009250641,1997
242.28027892112732,1998
242.28052496910095,1999
242.79139304161072,2000
242.79168796539307,2001
242.79194903373718,2002
243.2942500114441,2003
243.29471516609192,2004
243.29517197608948,2005
243.8109700679779,2006
243.81132102012634,2007
243.8116238117218,2008
243.81193590164185,2009
244.31481790542603,2010
244.31544280052185,2011
244.31591391563416,2012
244.31631302833557,2013
244.82728099822998,2014
244.82774996757507,2015
244.82818698883057,2016
244.82877802848816,2017
245.3326268196106,2018
245.33328294754028,2020
245.3333501815796,2020
245.33420586585999,2021
245.33461904525757,2022
245.33496499061584,2023
245.33528399467468,2024
245.85243487358093,2025
245.8528711795807,2026
245.85330820083618,2027
245.85372304916382,2028
245.8542320728302,2029
246.3604028224945,2030
246.36068296432495,2031
246.36094498634338,2032
246.36134791374207,2033
246.36158990859985,2034
246.98689198493958,2035
247.1009430885315,2036
247.10138320922852,2037
247.50023484230042,2038
247.60367512702942,2039
247.60408115386963,2040
248.10746908187866,2041
248.1078839302063,2042
248.61014008522034,2043
248.61031484603882,2044
248.610741853714,2045
248.61094999313354,2046
249.11280393600464,2047
249.1130428314209,2048
249.61464381217957,2049
249.61491203308105,2050
249.61528182029724,2051
249.6155707836151,2052
249.72135400772095,2053
250.1388819217682,2054
250.2412588596344,2055
250.2417562007904,2056
250.3326771259308,2057
250.3331220149994,2058
250.75134205818176,2059
250.7517590522766,2060
250.83942484855652,2061
250.84010696411133,2062
251.34783291816711,2063
251.34828305244446,2064
251.34864616394043,2065
251.3489990234375,2066
251.35782384872437,2067
251.85286808013916,2068
251.85336899757385,2069
251.8538200855255,2070
251.854562997818,2071
252.36298489570618,2072
252.36321091651917,2073
252.3633930683136,2074
252.36355805397034,2075
252.363765001297,2076
252.4651927947998,2077
252.86572313308716,2078
252.8661618232727,2079
252.86656188964844,2080
252.86689805984497,2081
252.86718678474426,2082
252.9703688621521,2083
252.9709050655365,2084
253.36720514297485,2085
253.36802411079407,2086
253.38021087646484,2087
253.3806610107422,2088
253.38088488578796,2089
253.47405576705933,2090
254.08871006965637,2091
254.08917903900146,2092
254.08960795402527,2093
254.09069108963013,2094
254.09155917167664,2095
254.61451387405396,2096
254.614994764328,2097
254.61545205116272,2098
254.70713901519775,2099
254.7077281475067,2100
255.12422490119934,2101
255.1255600452423,2102
255.1259250640869,2103
255.21978306770325,2104
255.22065711021423,2105
255.63233399391174,2106
255.63281893730164,2107
255.63322806358337,2108
255.72430396080017,2109
255.724858045578,2110
256.13408493995667,2111
256.13456106185913,2112
256.6576609611511,2113
256.6581289768219,2114
256.6585440635681,2115
256.6588830947876,2116
256.659197807312,2117
256.6594958305359,2118
257.1623389720917,2119
257.1628329753876,2120
257.1635789871216,2121
257.1638779640198,2122
257.1641888618469,2123
257.1644878387451,2124
257.6756751537323,2125
257.67610692977905,2126
257.6770439147949,2127
257.6774969100952,2128
258.18485498428345,2129
258.1853361129761,2130
258.18603801727295,2132
258.1860909461975,2132
258.6964521408081,2133
258.696888923645,2134
258.6972999572754,2135
258.69775104522705,2136
258.8107659816742,2137
259.2037191390991,2138
259.20418977737427,2139
259.2046329975128,2140
259.20495200157166,2141
259.3192150592804,2142
259.71406292915344,2143
259.714546918869,2144
259.71503615379333,2145
259.7155530452728,2146
259.825679063797,2147
260.2171108722687,2148
260.2176151275635,2149
260.2180531024933,2150
260.21842408180237,2151
260.33347511291504,2152
260.72837591171265,2153
260.7288718223572,2154
260.7293040752411,2155
260.7300388813019,2156
261.23641705513,2157
261.23686385154724,2158
261.23733401298523,2159
261.2377688884735,2160
261.23817706108093,2161
261.3545939922333,2162
261.74751496315,2163
261.7479679584503,2164
261.74839997291565,2165
261.7488329410553,2166
261.7493009567261,2167
261.8624749183655,2168
262.25373101234436,2169
262.25422191619873,2170
262.2546579837799,2171
262.25508403778076,2172
262.25608491897583,2173
262.75989508628845,2174
262.76029992103577,2175
262.7607469558716,2176
262.7611520290375,2177
262.76147389411926,2178
262.7617859840393,2179
262.7621018886566,2180
262.77372884750366,2181
263.2652928829193,2182
263.2660000324249,2183
263.26661491394043,2184
263.2670431137085,2185
263.26747584342957,2186
263.2816061973572,2187
263.76856899261475,2188
263.7690680027008,2189
263.76950001716614,2190
263.76984000205994,2191
263.7701361179352,2192
263.78363704681396,2193
264.2805550098419,2194
264.28096103668213,2195
264.28137278556824,2196
264.2817919254303,2197
264.2821900844574,2198
264.29584884643555,2199
264.78502082824707,2200
264.78548097610474,2201
264.78590416908264,2202
264.78635692596436,2203
264.78678798675537,2204
264.7990300655365,2205
265.29623007774353,2206
265.29671692848206,2207
265.29756212234497,2208
265.29795813560486,2209
265.298378944397,2210
265.80740189552307,2211
265.8082118034363,2213
265.80826592445374,2213
265.80862498283386,2214
265.80914187431335,2215
266.3148579597473,2216
266.3153109550476,2217
266.31575894355774,2218
266.3161268234253,2219
266.3164520263672,2220
266.316782951355,2221
266.82146406173706,2222
266.8219449520111,2223
266.82250213623047,2224
266.823117017746,2225
266.82365584373474,2226
266.8240089416504,2227
267.3440990447998,2228
267.3443670272827,2229
267.34459686279297,2230
267.3448009490967,2231
267.3449990749359,2232
267.4337201118469,2233
267.43396496772766,2234
267.8513960838318,2235
267.8520710468292,2236
267.85235595703125,2237
267.8526020050049,2238
267.8528399467468,2239
267.9436159133911,2240
267.94406390190125,2241
268.3633749485016,2242
268.36384987831116,2243
268.36430191993713,2244
268.3647439479828,2245
268.3657121658325,2246
268.44734501838684,2247
268.4478120803833,2248
268.874737739563,2249
268.97952604293823,2250
268.97997999191284,2251
268.9804651737213,2252
268.9809980392456,2253
268.98138904571533,2254
269.49198603630066,2255
269.4924898147583,2256
269.49288606643677,2257
269.49363803863525,2258
269.4940929412842,2259
269.59434390068054,2260
270.22051978111267,2261
270.2209689617157,2262
270.2214150428772,2263
270.2218449115753,2264
270.2222697734833,2265
270.3241038322449,2266
270.7231159210205,2267
270.72363901138306,2268
270.72417998313904,2269
270.7246310710907,2270
270.7250759601593,2271
271.33499097824097,2272
271.33560013771057,2273
271.33610010147095,2274
271.4483950138092,2275
271.4489300251007,2276
271.4496397972107,2277
271.450119972229,2278
271.55472898483276,2279
272.0623128414154,2280
272.07480788230896,2281
272.0753209590912,2282
272.0758709907532,2283
272.17595410346985,2284
272.5660500526428,2285
272.5796239376068,2286
272.58013582229614,2287
272.58035492897034,2288
273.08706307411194,2289
273.08748483657837,2290
273.08790588378906,2291
273.7066957950592,2292
273.70717310905457,2293
273.70741081237793,2294
273.81971406936646,2295
274.21495389938354,2296
274.2154951095581,2297
274.21592807769775,2298
274.33070397377014,2299
274.7205910682678,2300
274.7210578918457,2301
275.33758306503296,2302
275.33805680274963,2303
275.33850479125977,2304
275.3388919830322,2305
275.84071016311646,2306
275.8412551879883,2307
275.8416419029236,2308
275.8421890735626,2309
276.35455107688904,2310
276.35502004623413,2311
276.35663986206055,2312
276.35724902153015,2313
276.3576729297638,2314
276.3579480648041,2315
276.4602401256561,2316
276.86488008499146,2317
276.86549401283264,2318
276.8659698963165,2319
276.8663878440857,2320
276.86673307418823,2321
276.96189308166504,2322
277.3773150444031,2323
277.37756299972534,2324
277.3777770996094,2325
277.3779671192169,2326
277.3781669139862,2327
277.46551489830017,2328
278.02739095687866,2329
278.0276689529419,2330
278.0285439491272,2331
278.02905106544495,2332
